,Adagrad,CloseForm,GD
0,25.49937441068017,25.32610745107537,24.53158144262677
1,64.51552074427212,63.51525145548543,61.86187596596848
2,19.105967966874346,18.89688805477996,22.1534802736077
3,28.864264114486026,29.19951502227191,29.191094662630466
4,9.304040867406322,9.207688919921807,9.790288467218478
5,31.640397399410947,33.519127210303864,26.18415611608391
6,41.301934442742805,40.97787341303287,41.214896459904224
7,16.848547396014958,18.18573981382113,16.771014460076398
8,51.533946027220225,52.684517897778605,51.18642793066195
9,32.729078868846955,32.30614511824631,29.9439021768751
10,37.90973027420536,38.4421882384427,37.860071696890856
11,58.80247044433597,58.99825879336396,55.11272140963907
12,35.42395927373963,35.42465247278223,37.34244715856107
13,40.010670762033364,41.68032295901179,32.02896049543889
14,28.275319850533684,26.42691067516577,29.882046142057384
15,12.197927649783729,12.980885070636841,11.34005372603784
16,51.37015707344078,52.01287852399292,53.59862469616061
17,23.114573082375028,23.946533475779873,21.48904211707573
18,16.595097773496832,18.303774978660435,13.52953463274861
19,18.211725718564878,19.351958585623233,15.223443126253276
20,15.532184894817002,15.896275545078513,17.769974600369075
21,30.14434159583025,31.43633545057402,30.39110678239914
22,39.51971707896077,39.25182244177803,38.944816413881
23,10.137273628925175,11.178214618388331,12.426781979612517
24,61.19445429296124,61.22125440235416,61.06560120397615
25,46.25924987659759,45.768046938888716,43.72896079608539
26,27.260051235738956,29.00550452577915,24.87760890557259
27,7.292340549441879,6.10910585030425,8.303108128182563
28,29.399017423515765,28.622205904024245,29.71388116521463
29,35.79649677596567,37.31298259537567,34.737504347068224
30,18.032745930124527,18.318071989166057,14.375608463630284
31,11.571883230684438,11.245570944796869,10.673144831573559
32,16.730384210727077,16.454661145343962,14.908471154411851
33,7.677185813897939,7.675719748813149,8.107396413302286
34,16.09360362602952,14.98518901851337,16.021045533922823
35,42.84700358301914,41.851496652550544,43.79706805851378
36,22.2332856945556,21.800742294654448,23.603370235474678
37,27.605429228193877,27.612506223651756,28.22457598416449
38,10.127699497038659,3.7182528698585777,12.281137129892777
39,57.73630041706467,59.53622690796055,57.211696449885636
40,46.92300570529876,48.13531937489493,43.93308784610222
41,20.06455381172302,20.289611231679473,24.42855437558082
42,53.2119964750751,52.57284465804362,51.585449339732165
43,18.47281313649274,19.195920738071543,19.187184482775486
44,44.29363571552074,45.30944055380916,40.72797789998724
45,49.92935299753306,48.547395445222165,51.08019771293848
46,57.89181226442681,57.33710228506847,58.12516973538199
47,40.93237937593329,41.6252675952037,41.30452968108971
48,55.1677921867634,55.72370167211449,50.58554067202989
49,39.48412343771377,39.79387376863303,34.64202799610224
50,30.65312073384034,30.7694388033838,31.394632604506857
51,23.594119689620335,23.65357332017722,21.17048446160854
52,40.51033258023436,38.85526309251804,44.24121845443682
53,24.49945719379938,23.221006022067172,24.64306828017982
54,37.01981368902663,37.27481423945325,34.45754278291997
55,38.560516618026554,38.64425561758837,39.280423115511105
56,24.528922295336272,25.578717240416946,24.22810139266175
57,21.348287011619625,22.085900403383828,20.675230573208303
58,35.619846700627185,35.47174022039522,37.77831905586281
59,32.69363445478983,31.735776834032123,35.11842970315419
60,12.576173201519197,13.279837329577443,10.258166938532488
61,22.9433405991536,21.68363951902939,30.62791322697589
62,31.79231821378686,32.369085707371426,30.826087136374817
63,53.0503045118357,53.710739999149034,46.57974830988985
64,50.06665763132065,51.09276685598073,48.22967841274507
65,26.02357070841591,26.019214785442447,26.711764394876532
66,38.18888752428873,38.16536867691876,36.98381832751112
67,52.234677864418586,53.26509448778713,51.54895316148678
68,29.181413117968887,29.023940545744132,27.48735705669455
69,39.12952097299277,40.304146820988635,39.59850357210803
70,64.94987335043812,64.53252753080356,62.25780932202083
71,55.44197435485381,55.56112979895671,57.377519988618936
72,42.44207263259071,41.823237274951715,39.698608811977934
73,14.210013072720056,14.12120976950283,15.186953629819701
74,13.954042618412206,13.855161099694076,12.998953562634206
75,35.4945413551411,36.1994009581262,34.69747294366138
76,62.978713286063496,62.8915261753543,62.51563822451063
77,2.2232813855983036,2.6185294775231185,3.1747932859062296
78,41.71291093282403,40.738679560995706,43.44276429951007
79,41.900904502919744,42.36542626279128,41.61470814840382
80,8.705968766530974,7.7907700532881785,8.767674489354985
81,21.814556430657923,22.762187089679905,20.312926830154368
82,5.9360448575603115,5.385380114584152,6.11136827597862
83,31.34558778184078,30.425016684073853,32.95456143989765
84,8.534268792865646,8.692695232343203,5.983054344148561
85,4.981459211734367,5.582693773478118,6.534560848989146
86,16.84815467298755,16.83620857369345,17.179442487991246
87,11.602694755607445,10.354495547467952,11.777174518518782
88,18.899110387778624,20.46661841330239,18.67887951765975
89,23.17549628917778,25.57263491627733,20.987006888452733
90,35.25333744913669,35.29539119925867,35.21494568440306
91,12.318681833498882,11.6901561761461,11.500075868546448
92,11.950280528275027,12.570565623454783,12.776638407919922
93,9.840024841650038,9.253411963242662,12.06780750901011
94,37.594121429040655,37.32441092036481,34.77151331399552
95,15.2844172759943,15.130503948320793,15.074689394095987
96,17.12001852421364,16.460952301761736,15.15840656185221
97,9.192430131916884,9.224896585847556,8.50003519059915
98,10.799897948233825,12.010281855290522,10.16065022366999
99,4.559580784660103,4.875785812447607,9.496840929793958
100,10.352819121655685,9.699171625259265,9.063063487301502
101,18.653734063011303,17.97889773769517,20.64989667945646
102,11.714453879738617,12.395114691954994,9.456345557806747
103,8.833915577423861,7.855710893999813,10.722704688687152
104,12.659893082429821,12.955886894635544,13.63889785036666
105,36.84289925764687,36.27783758767971,33.20603659274584
106,24.15132732259205,26.598197227116536,21.29717362652803
107,7.971784598056363,7.4244458727362534,9.386762540924753
108,16.855663063417865,16.889377405295747,21.395874140987125
109,15.527767043712327,14.922794763934577,17.728045516133758
110,11.587979576197727,12.245867106049735,9.87280014434268
111,15.546760675808812,17.18560666275485,12.49340327551909
112,16.53152345464354,16.105503854475753,15.940258777196595
113,25.448592975537007,26.647777823774078,20.835966632033692
114,19.587053042819328,18.96619476161164,20.4540062038012
115,15.978706847682975,16.516790230532543,16.748342903061392
116,7.575069947175436,6.094668918701945,11.305310519663884
117,44.96803596002832,46.40366176348479,39.25896772452373
118,26.06140301401944,26.996914973205698,23.22168374263966
119,0.6203382507015536,0.518629686621912,2.913272089837722
120,-0.09754582672390039,-0.9908505137407042,1.3876342008985154
121,10.326477658690811,9.344418855716722,10.00622154719972
122,12.524877883218519,12.776762949871303,11.434726498852054
123,12.25794568063297,13.007828896720483,10.48894435769773
124,7.441338094987483,7.776066552578381,7.308220107316846
125,25.046483175230964,24.90882723556949,23.989460196382314
126,22.718230431351685,20.701376185147154,24.339440782778773
127,9.528699669568613,10.129030701090178,8.64350303169873
128,20.055582952623425,20.75041422101327,17.273789173294112
129,13.708567694945453,14.097247524731353,14.025720192707496
130,-0.4640294923666295,-0.364028859341083,2.44202605748705
131,32.3559644856428,33.111942207005924,29.66465131335963
132,14.881047555504928,14.201272534024937,17.430566195264262
133,21.261374990442075,20.424780818523757,28.42088419570429
134,26.639515737089162,26.194472504601368,27.67869673991602
135,24.747949082781663,23.873484189294132,24.776940489823602
136,9.808289332392132,9.96675337621159,11.450486254423968
137,22.03660338436358,21.004447999577003,24.284769027237754
138,78.68900347276143,78.57279062918356,74.63165215337591
139,61.60179532394483,60.03235321767397,66.48900038422906
140,26.951325593019103,27.133899907738858,31.33107218075493
141,18.810696745216436,18.21199907037896,17.89707423970281
142,24.514153366128657,24.644712930425136,22.35683718896869
143,7.3594747725816365,7.219415883276529,6.933690989983683
144,13.307301204483458,11.735468814639734,16.037530525711965
145,9.75201030192265,10.069360314350746,10.430281641526918
146,19.382224543280444,19.625038579202336,17.807464203027852
147,7.410018243183688,8.198466310815528,8.134945991278423
148,12.740685132970288,12.862225736953157,10.602522699066958
149,15.966867343767532,15.46505504003045,14.57277844799307
150,46.32837144702519,46.32951253745431,38.96231969990531
151,20.532622629641182,21.88920023412472,15.984960766205436
152,22.035486158145687,22.04312015403149,21.359409500761377
153,14.360762795818859,14.928799909182612,11.942523544344072
154,13.941481423124355,13.962872376298272,17.434900336825553
155,23.727703928379327,25.15957695618031,25.838452588288305
156,24.92486095071627,25.580938439290936,20.054144528455197
157,36.98254125960155,36.157218716388016,35.34517500943837
158,3.737844503344011,4.586953360011439,6.057381493896363
159,23.012601479936595,23.348823521355623,20.02229034453837
160,42.132090870869746,42.274747893450865,42.02808082943089
161,19.27982794346004,19.62801395848841,17.910563525332456
162,62.15636396963508,64.28685483823739,57.659454106374135
163,16.806802589824315,17.125068963971,14.913241698297774
164,33.81598885492777,33.74071607379099,32.208542194605556
165,24.418116830433092,23.268542778556714,26.264797560928898
166,22.468297318987673,24.44116972276583,22.654317145492847
167,0.3687774729950395,0.1489392464591397,1.0020695084471305
168,68.00362529042047,66.65302870543853,66.83598414710892
169,15.986709293687241,14.959395484237007,16.872323884638092
170,15.813184037389465,15.911392311395906,15.035826896436767
171,70.6418554036067,68.53504880800787,67.83104652559932
172,20.760086538069526,20.36381401154489,18.883849678807117
173,2.0091076921459328,1.7041339269998517,4.336121457323067
174,23.859515863889165,24.460540041751642,26.94166555077723
175,-0.19917813915619753,-0.5008017497537653,2.0937486836480286
176,8.20938541150652,7.345329327404116,9.388747351902483
177,18.22905102716731,18.470377346435054,18.4342601046634
178,21.988388608799475,19.764236984594497,22.26048082274341
179,24.90734012328007,25.05048934249446,20.28987867301904
180,43.00624569017566,43.33900852316583,40.817255702528435
181,33.148882855961446,31.4749289077876,36.15911672861588
182,29.62573935211565,27.591894143453445,33.82343146654719
183,14.091918575589691,12.567961329141134,16.708870175854177
184,7.440269205854079,6.3856029480136804,5.706014374391044
185,42.104347263696866,41.90579855389582,40.50466939310125
186,36.09552975969452,35.926120608064835,32.5170044125509
187,34.0730632549244,34.98457426655198,32.99134417938938
188,16.18797565535048,17.45657567440693,13.457308672799098
189,24.06716716517608,23.322205545375695,23.92700211932126
190,14.333896892638542,14.695874147694054,14.334426678214523
191,15.388466557769007,16.25499268709874,14.874161361184624
192,30.44728664636542,31.268610371620714,27.298092035169716
193,73.02873854327252,62.09218372807932,76.29506243004062
194,30.643216281722882,29.05038113249887,35.18778576368916
195,10.847685981455584,10.448532898585501,11.414327861987992
196,62.77102356464687,63.60856055540623,61.64643879925257
197,16.79865063219405,15.712118045941981,18.866574624756744
198,20.09871869343383,20.322352063834245,18.296912558098818
199,20.915641865437728,21.007582041714457,21.321981293176307
200,123.67204039640072,124.13452800867401,115.59045499497506
201,22.843265680359142,23.49580945328736,22.461323833174852
202,58.385020041242704,58.68774874358917,58.207296602274596
203,4.9477876250924355,6.509798108850671,6.12571342280663
204,59.82507794431151,60.34864312436806,57.5950386484476
205,35.33903053143213,37.26650437224201,30.190123369704224
206,14.831931194839731,15.190952752870734,11.830783856297431
207,14.388607629395176,14.25627253990426,17.91981132528653
208,61.5565842769399,63.26226828621228,58.897570019890274
209,14.14119747772656,14.512677021276392,17.88834138890498
210,37.325389141223695,36.10170873054922,41.99002957136105
211,68.53920629538756,69.054277638174,66.58372503446073
212,18.786495341451094,19.064826387569838,21.668964201742018
213,113.62907498127612,113.31379965291629,116.03224046378587
214,40.713143672835145,41.429994726790525,39.45882293007042
215,76.81048829872825,78.60465896272422,73.68111636038051
216,91.74828723419873,92.51415471526153,83.28285681959872
217,71.1973808729476,72.35041747175676,69.24306209361433
218,29.829828656540677,30.783687888288963,37.42769150215394
219,19.907599695213946,18.646682784390606,26.46275688042315
220,30.637563027744495,29.63444783078181,30.483488644027624
221,57.26053842610468,57.806636162203134,57.44312098559625
222,26.5164539637371,27.97183232682755,24.235811923256122
223,38.31815545728724,38.303367429908015,36.555922004285684
224,42.81077690975275,43.82908732350451,44.63228194958564
225,10.07900466297698,10.487205727207407,9.36301920128848
226,5.426007665598923,3.36885290089333,6.22668835304227
227,81.17949009367977,80.49680179201368,76.99881697873937
228,30.200712853016025,31.266917211478436,27.26932885639473
229,1.5370249710135164,0.9305264854182855,3.0412214196305265
230,40.43583132259528,41.15268450165253,39.3056683309049
231,15.386594056961524,16.41995725592026,12.568106492670424
232,22.055492369217724,21.995100383616364,21.736395659468563
233,7.403197812305416,8.191950353597417,6.096999008592709
234,15.092978651641701,14.306297702655563,17.16089776990809
235,25.420561739117097,25.44206830808952,21.985141554255538
236,13.928641348739035,13.751781108314663,15.4075629640815
237,3.0302654322162974,2.568500803393725,4.455242237514154
238,22.143096521039176,22.011373414914658,26.014031467859063
239,12.569769312865958,11.157017133853868,13.599694569706479
